  0.00  1.00  0.00  10007      0  0.00  1.00  0.00  13488      0  0.33  0.18  0.82     32      5  0.00  1.00  0.00   9245      0  0.00  1.00  0.00   4968      1
  0.00  1.00  0.00  10004      1  0.00  1.00  0.00  13494      0  0.32  0.58  0.42     34      5  0.00  1.00  0.00   9243      0  0.00  1.00  0.00   5010      0
  0.00  1.00  0.00  10000      1  0.00  1.00  0.00  13495      1  0.34  0.57  0.43     31      5  0.00  1.00  0.00   9231      1  0.00  1.00  0.00   5017      2
  0.00  1.00  0.00  10006      1  0.00  1.00  0.00  13530      1  0.28  0.28  0.72     37      5  0.00  1.00  0.00   9234      1  0.00  1.00  0.00   5005      1
  0.00  1.00  0.00  10013      0  0.00  1.00  0.00  13421      0  0.31  0.83  0.17     35      5  0.00  1.00  0.00   9196      1  0.00  1.00  0.00   4971      2
  0.00  1.00  0.00  10006      1  0.00  1.00  0.00  13471      0  0.32  0.48  0.52     32      4  0.00  1.00  0.00   9190      0  0.00  1.00  0.00   5000      0
  0.00  1.00  0.00  10002      0  0.00  1.00  0.00  13455      0  0.27  0.77  0.23     36      4  0.00  1.00  0.00   9225      0  0.00  1.00  0.00   5027      1
  0.00  1.00  0.00  10002      1  0.00  1.00  0.00  13458      1  0.28  0.98  0.02     32      4  0.00  1.00  0.00   9206      1  0.00  1.00  0.00   5020      1
  0.00  1.00  0.00  10003      1  0.00  1.00  0.00  13448      1  0.34  0.75  0.25     31      4  0.00  1.00  0.00   9210      1  0.00  1.00  0.00   4963      1
  0.00  1.00  0.00  10002      1  0.00  1.00  0.00  13471      1  0.31  0.31  0.69     34      5  0.00  1.00  0.00   9238      1  0.00  1.00  0.00   4954      1
  0.00  1.00  0.00  10004      0  0.00  1.00  0.00  13473      0  0.36  0.61  0.39     30      4  0.00  1.00  0.00   9218      0  0.00  1.00  0.00   4977      1
  0.00  1.00  0.00  10011      1  0.00  1.00  0.00  13564      1  0.30  0.86  0.14     33      5  0.00  1.00  0.00   9357      1  0.00  1.00  0.00   5046      1
  0.00  1.00  0.00  10009      1  0.00  1.00  0.00  13448      0  0.30  0.52  0.48     34      4  0.00  1.00  0.00   9193      0  0.00  1.00  0.00   4974      0
  0.00  1.00  0.00  10004      0  0.00  1.00  0.00  13503      0  0.29  0.15  0.85     35      5  0.00  1.00  0.00   9217      1  0.00  1.00  0.00   4987      1
  0.00  1.00  0.00  10006      1  0.00  1.00  0.00  13524      1  0.34  0.92  0.08     31      5  0.00  1.00  0.00   9227      1  0.00  1.00  0.00   4995      1
  0.00  1.00  0.00  10007      0  0.00  1.00  0.00  13458      0  0.25  0.63  0.37     39      3  0.00  1.00  0.00   9244      0  0.00  1.00  0.00   5004      1
  0.00  1.00  0.00  10003      1  0.00  1.00  0.00  13447      1  0.34  0.55  0.45     32      6  0.00  1.00  0.00   9242      1  0.00  1.00  0.00   5021      2
  0.00  1.00  0.00  10008      1  0.00  1.00  0.00  13508      1  0.33  0.80  0.20     31      5  0.00  1.00  0.00   9271      1  0.00  1.00  0.00   5035      2
  0.00  1.00  0.00  10006      0  0.00  1.00  0.00  13485      0  0.31  0.73  0.27     33      5  0.00  1.00  0.00   9174      0  0.00  1.00  0.00   5024      2
  0.00  1.00  0.00  10011      1  0.00  1.00  0.00  13409      1  0.29  0.55  0.45     34      4  0.00  1.00  0.00   9167      1  0.00  1.00  0.00   4945      1
  0.00  1.00  0.00  10008      1  0.00  1.00  0.00  13466      1  0.29  0.87  0.13     35      5  0.00  1.00  0.00   9239      1  0.00  1.00  0.00   5012      1
  0.00  1.00  0.00  10009      1  0.00  1.00  0.00  13502      1  0.27  0.21  0.79     37      4  0.00  1.00  0.00   9307      1  0.00  1.00  0.00   5054      2
  0.00  1.00  0.00  10009      0  0.00  1.00  0.00  13496      0  0.27  0.99  0.01     33      2  0.00  1.00  0.00   9254      1  0.00  1.00  0.00   5033      1
  0.00  1.00  0.00  10006      1  0.00  1.00  0.00  13529      1  0.32  0.72  0.28     33      5  0.00  1.00  0.00   9300      1  0.00  1.00  0.00   5059      1
  0.00  1.00  0.00  10006      1  0.00  1.00  0.00  13508      1  0.33  0.54  0.46     31      5  0.00  1.00  0.00   9272      1  0.00  1.00  0.00   5035      2
  0.00  1.00  0.00  10003      1  0.00  1.00  0.00  13494      0  0.33  0.81  0.19     33      4  0.00  1.00  0.00   9275      0  0.00  1.00  0.00   5018      0
  0.00  1.00  0.00  10004      0  0.00  1.00  0.00  13504      0  0.35  0.88  0.12     30      5  0.00  1.00  0.00   9281      1  0.00  1.00  0.00   5016      2
  0.00  1.00  0.00  10009      0  0.00  1.00  0.00  13447      0  0.34  0.17  0.83     30      3  0.00  1.00  0.00   9230      1  0.00  1.00  0.00   4947      2
  0.00  1.00  0.00  10004      1  0.00  1.00  0.00  13482      1  0.30  0.13  0.87     33      5  0.00  1.00  0.00   9229      1  0.00  1.00  0.00   4993      2
  0.00  1.00  0.00  10005      1  0.00  1.00  0.00  13448      1  0.31  0.94  0.06     31      4  0.00  1.00  0.00   9249      1  0.00  1.00  0.00   4978      1
  0.00  1.00  0.00  10006      1  0.00  1.00  0.00  13515      0  0.36  0.80  0.20     30      5  0.00  1.00  0.00   9241      0  0.00  1.00  0.00   5020      0
  0.00  1.00  0.00  10004      0  0.00  1.00  0.00  13451      0  0.31  0.89  0.11     31      4  0.00  1.00  0.00   9214      0  0.00  1.00  0.00   4987      1
  0.00  1.00  0.00  10006      0  0.00  1.00  0.00  13441      0  0.32  0.89  0.11     32      3  0.00  1.00  0.00   9208      0  0.00  1.00  0.00   5005      1
  0.00  1.00  0.00  10010      1  0.00  1.00  0.00  13509      1  0.33  0.75  0.25     33      5  0.00  1.00  0.00   9225      1  0.00  1.00  0.00   5006      1
  0.00  1.00  0.00  10006      1  0.00  1.00  0.00  13491      1  0.29  0.77  0.23     34      5  0.00  1.00  0.00   9187      1  0.00  1.00  0.00   4982      1
  0.00  1.00  0.00  10010      1  0.00  1.00  0.00  13405      0  0.30  0.90  0.10     34      4  0.00  1.00  0.00   9184      0  0.00  1.00  0.00   4955      0
  0.00  1.00  0.00  10002      0  0.00  1.00  0.00  13474      0  0.32  0.94  0.06     32      4  0.00  1.00  0.00   9210      1  0.00  1.00  0.00   5026      1
  0.00  1.00  0.00  10006      1  0.00  1.00  0.00  13548      1  0.36  0.82  0.18     29      5  0.00  1.00  0.00   9286      1  0.00  1.00  0.00   5023      2
  0.00  1.00  0.00  10006      0  0.00  1.00  0.00  13499      0  0.32  0.69  0.31     33      5  0.00  1.00  0.00   9262      0  0.00  1.00  0.00   5022      1
  0.00  1.00  0.00  10005      1  0.00  1.00  0.00  13501      1  0.30  0.80  0.20     33      3  0.00  1.00  0.00   9273      1  0.00  1.00  0.00   4987      1
  0.00  1.00  0.00  10006      1  0.00  1.00  0.00  13513      1  0.32  0.42  0.58     33      4  0.00  1.00  0.00   9334      1  0.00  1.00  0.00   5043      2
  0.00  1.00  0.00  10005      0  0.00  1.00  0.00  13397      0  0.33  0.65  0.35     32      5  0.00  1.00  0.00   9169      1  0.00  1.00  0.00   5000      1
  0.00  1.00  0.00  10012      0  0.00  1.00  0.00  13508      0  0.30  0.90  0.10     31      3  0.00  1.00  0.00   9236      0  0.00  1.00  0.00   5013      2
  0.00  1.00  0.00  10005      1  0.00  1.00  0.00  13483      0  0.31  0.29  0.71     32      4  0.00  1.00  0.00   9315      0  0.00  1.00  0.00   5046      0
  0.00  1.00  0.00  10008      0  0.00  1.00  0.00  13445      0  0.30  0.70  0.30     33      4  0.00  1.00  0.00   9233      1  0.00  1.00  0.00   5026      1
  0.00  1.00  0.00  10009      1  0.00  1.00  0.00  13490      0  0.28  0.94  0.06     36      5  0.00  1.00  0.00   9247      0  0.00  1.00  0.00   4977      0
  0.00  1.00  0.00  10004      1  0.00  1.00  0.00  13461      1  0.30  0.89  0.11     33      4  0.00  1.00  0.00   9222      1  0.00  1.00  0.00   5000      1
  0.00  1.00  0.00  10006      1  0.00  1.00  0.00  13485      1  0.32  0.96  0.04     31      5  0.00  1.00  0.00   9282      1  0.00  1.00  0.00   5008      1
  0.00  1.00  0.00  10008      1  0.00  1.00  0.00  13423      0  0.32  0.74  0.26     32      5  0.00  1.00  0.00   9172      0  0.00  1.00  0.00   4986      0
  0.00  1.00  0.00  10008      1  0.00  1.00  0.00  13504      1  0.29  0.98  0.02     34      5  0.00  1.00  0.00   9241      1  0.00  1.00  0.00   4990      1
